2 2
3 2
6 2
6 3
8 3
8 2
10 2
13 2
13 4
14 4
17 4
17 6
16 6
16 8
17 8
17 11
16 11
16 13
15 13
15 14
15 17
14 17
11 17
9 17
6 17
6 15
4 15
2 15
2 17
4 17
2 13
3 13
3 10
3 9
3 7
4 7
6 7
6 10
6 11
6 13
9 13
9 15
12 15
12 14
12 13
12 10
13 10
15 10
13 7
10 7
10 4
11 4
9 4
10 8
9 8
9 11
8 11
10 11
11 10
8 15
6 5
3 5
2 5
2 4
8 5
7 7
4 9
4 14
16 17
14 14
14 2
++++++++++++++++++++
+------------------+
+++-+++--+---+++++-+
+-++-+-+++++++-+-+-+
+-+--+-+-+----++-+-+
+-+--+-+---+-+-+---+
+-++-+++++++++-+++-+
+--+-+-+--+--+---+-+
+-++-++-+--+-+-+-+-+
+-+-+---++++-+++-+-+
+-+-+++++--++--+-+-+
+-+-+--+-++--+-+-+-+
+-+----+--++++++-+-+
+-+++-+++++--+-+-+-+
+-+-++-+--+---+--+-+
+-+-+-+--++--+++++-+
+---+-+++--+++---+-+
+-+++++-++++-+---+-+
+------------------+
++++++++++++++++++++
